0 år	61 714
1 år	61 131
2 år	62 545
3 år	62 702
4 år	61 435
5 år	58 745
6 år	58 012
7 år	59 986
8 år	60 999
9 år	64 168
10 år	66 607
11 år	67 995
12 år	68 433
13 år	67 720
14 år	67 857
15 år	67 797
16 år	68 268
17 år	66 935
18 år	67 578
19 år	70 472
20 år	71 986
21 år	73 774
22 år	74 078
23 år	77 909
24 år	79 143
25 år	81 992
26 år	80 526
27 år	80 636
28 år	79 272
29 år	78 721
30 år	77 161
31 år	74 854
32 år	71 695
33 år	70 463
34 år	68 887
35 år	66 334
36 år	64 944
37 år	64 151
38 år	65 531
39 år	65 807
40 år	69 144
41 år	70 337
42 år	71 284
43 år	71 160
44 år	76 946
45 år	78 709
46 år	77 143
47 år	78 650
48 år	81 653
49 år	77 537
50 år	75 318
51 år	76 271
52 år	80 606
53 år	87 305
54 år	87 307
55 år	84 366
56 år	82 198
57 år	78 313
58 år	75 704
59 år	73 183
60 år	71 320
61 år	69 152
62 år	69 584
63 år	68 576
64 år	67 226
65 år	65 855
66 år	64 595
67 år	65 004
68 år	61 475
69 år	61 834
70 år	62 128
71 år	62 392
72 år	64 278
73 år	67 129
74 år	66 101
75 år	60 825
76 år	55 318
77 år	49 788
78 år	43 877
79 år	38 806
80 år	36 443
81 år	33 117
82 år	30 810
83 år	27 424
84 år	23 891
85 år	21 219
86 år	18 604
87 år	15 783
88 år	13 742
89 år	11 679
90 år	9 702
91 år	8 375
92 år	6 687
93 år	5 535
94 år	4 404
95 år	3 295
96 år	2 443
97 år	1 705
98 år	1 132
99 år	794
100 år	547
101 år	281
102 år	166
103 år	84
104 år	64
105 år	20
106 år	19
107 år	8
108 år	2
109 år	1
110 år	0
111 år	0
112 år	1
113 år	0
114 år	0
115 år	0
116 år	0
117 år	0
118 år	0
119 år	0
120 år	0
121 år	0
122 år	0
123 år	0
124 år	0
125 år	0
