61 714
61 131
62 545
62 702
61 435
58 745
58 012
59 986
60 999
64 168
	66 607
	67 995
	68 433
	67 720
	67 857
	67 797
	68 268
	66 935
	67 578
	70 472
	71 986
	73 774
	74 078
	77 909
	79 143
	81 992
	80 526
	80 636
	79 272
	78 721
	77 161
	74 854
	71 695
	70 463
	68 887
	66 334
	64 944
	64 151
	65 531
	65 807
	69 144
	70 337
	71 284
	71 160
	76 946
	78 709
	77 143
	78 650
	81 653
	77 537
	75 318
	76 271
	80 606
	87 305
	87 307
	84 366
	82 198
	78 313
	75 704
	73 183
	71 320
	69 152
	69 584
	68 576
	67 226
	65 855
	64 595
	65 004
	61 475
	61 834
	62 128
	62 392
	64 278
	67 129
	66 101
	60 825
	55 318
	49 788
	43 877
	38 806
	36 443
	33 117
	30 810
	27 424
	23 891
	21 219
	18 604
	15 783
	13 742
	11 679
	9 702
	8 375
	6 687
	5 535
	4 404
	3 295
	2 443
	1 705
	1 132
	794
	547
	281
	166
	84
	64
	20
	19
	8
	2
	1
	0
	0
	1
	0
	0
	0
	0
	0
	0
	0
	0
	0
	0
	0
	0
	0
